0 486747 485878 0 0
5 486772 485903 25 25
10 486797 485928 25 25
15 486822 485953 25 25
20 486847 485978 25 25
25 486872 486003 25 25
30 486887 486018 15 15
35 486902 486033 15 15
40 486917 486048 15 15
45 486932 486063 15 15
50 486947 486078 15 15
55 486982 486113 35 35
60 487067 486198 85 85
65 487082 486213 15 15
70 487097 486228 15 15
75 487273 486404 176 176
80 487388 486519 115 115
85 487503 486634 115 115
90 487618 486749 115 115
95 487673 486804 55 55
100 487708 486839 35 35
105 487743 486874 35 35
110 487778 486909 35 35
115 487813 486944 35 35
120 487848 486979 35 35
125 487863 486994 15 15
130 487878 487009 15 15
135 487893 487024 15 15
140 487908 487039 15 15
145 487963 487094 55 55
150 487998 487129 35 35
155 488033 487164 35 35
160 488068 487199 35 35
165 488103 487234 35 35
170 488138 487269 35 35
175 488153 487284 15 15
180 488168 487299 15 15
185 488183 487314 15 15
190 488198 487329 15 15
195 488253 487384 55 55
200 488288 487419 35 35
205 488323 487454 35 35
210 488358 487489 35 35
215 488394 487525 36 36
220 488443 487562 49 37
225 488499 487600 56 38
230 488537 487638 38 38
235 488572 487673 35 35
240 488607 487708 35 35
245 488642 487743 35 35
250 488677 487778 35 35
255 488712 487813 35 35
260 488747 487848 35 35
265 488782 487883 35 35
270 488817 487918 35 35
275 488852 487953 35 35
280 488887 487988 35 35
285 488920 488021 33 33
290 488953 488054 33 33
295 488986 488087 33 33
300 489030 488131 44 44
305 489063 488164 33 33
310 489096 488197 33 33
315 489129 488230 33 33
320 489142 488243 13 13
325 489155 488256 13 13
330 489168 488269 13 13
335 489181 488282 13 13
340 489197 488298 16 16
345 489216 488317 19 19
350 489236 488337 20 20
355 489289 488390 53 53
360 489322 488423 33 33
365 489358 488459 36 36
370 489391 488492 33 33
375 489424 488525 33 33
380 489457 488558 33 33
385 489490 488591 33 33
390 489583 488684 93 93
395 489796 488897 213 213
400 489949 489050 153 153
405 490042 489143 93 93
410 490124 489225 82 82
415 490146 489247 22 22
420 490168 489269 22 22
425 490310 489411 142 142
430 490332 489433 22 22
435 490354 489455 22 22
440 490376 489477 22 22
445 490398 489499 22 22
450 490581 489682 183 183
455 491334 490435 753 753
460 491547 490648 213 213
465 491580 490681 33 33
470 491763 490864 183 183
475 491796 490897 33 33
480 491829 490930 33 33
485 491862 490963 33 33
490 491895 490996 33 33
495 491928 491029 33 33
500 491961 491062 33 33
505 491994 491095 33 33
510 492027 491128 33 33
515 492060 491161 33 33
520 492093 491194 33 33
525 492126 491227 33 33
530 492159 491260 33 33
535 492192 491293 33 33
540 492225 491326 33 33
545 492258 491359 33 33
550 492291 491392 33 33
555 492324 491425 33 33
560 492357 491458 33 33
565 492390 491491 33 33
570 492423 491524 33 33
575 492456 491557 33 33
580 492489 491590 33 33
585 492522 491623 33 33
590 492555 491656 33 33
595 492588 491689 33 33
600 492621 491722 33 33
605 492774 491875 153 153
610 492987 492088 213 213
615 493020 492121 33 33
620 493173 492274 153 153
625 493206 492307 33 33
630 493239 492340 33 33
635 493272 492373 33 33
640 493305 492406 33 33
645 493338 492439 33 33
650 493551 492652 213 213
655 493584 492685 33 33
660 493767 492868 183 183
665 493980 493081 213 213
670 494193 493294 213 213
675 494274 493375 81 81
680 494787 493888 513 513
685 495660 494761 873 873
690 495693 494794 33 33
695 495726 494827 33 33
700 495759 494860 33 33
705 495792 494893 33 33
710 495825 494926 33 33
715 495858 494959 33 33
720 496161 495262 303 303
725 496284 495385 123 123
730 496527 495628 243 243
735 496590 495691 63 63
740 497073 496174 483 483
745 497106 496207 33 33
750 497139 496240 33 33
755 497172 496273 33 33
760 497205 496306 33 33
765 497238 496339 33 33
770 497331 496432 93 93
775 497844 496945 513 513
780 499077 498178 1233 1233
785 499110 498211 33 33
790 499250 498351 140 140
795 499283 498384 33 33
800 499401 498502 118 118
805 499439 498540 38 38
810 499472 498573 33 33
815 500105 499206 633 633
820 500228 499329 123 123
825 500531 499632 303 303
830 500564 499665 33 33
835 500777 499878 213 213
840 500870 499971 93 93
845 500963 500064 93 93
850 501026 500127 63 63
855 501089 500190 63 63
860 501152 500253 63 63
865 501215 500316 63 63
870 501278 500379 63 63
875 501341 500442 63 63
880 501404 500505 63 63
885 501467 500568 63 63
890 501530 500631 63 63
895 501593 500694 63 63
900 501656 500757 63 63
905 501719 500820 63 63
910 501782 500883 63 63
915 501845 500946 63 63
920 501908 501009 63 63
925 501971 501072 63 63
930 502034 501135 63 63
935 502097 501198 63 63
940 502160 501261 63 63
945 502223 501324 63 63
950 502286 501387 63 63
955 502349 501450 63 63
960 502412 501513 63 63
965 502475 501576 63 63
970 502538 501639 63 63
975 502601 501702 63 63
980 502664 501765 63 63
985 502727 501828 63 63
990 502790 501891 63 63
995 502853 501954 63 63
1000 502916 502017 63 63
1005 502979 502080 63 63
1010 503042 502143 63 63
1015 503105 502206 63 63
1020 503168 502269 63 63
1025 503231 502332 63 63
1030 503294 502395 63 63
1035 503357 502458 63 63
1040 503420 502521 63 63
1045 503483 502584 63 63
1050 503546 502647 63 63
1055 503609 502710 63 63
1060 503672 502773 63 63
1065 503735 502836 63 63
1070 503798 502899 63 63
1075 503861 502962 63 63
1080 503924 503025 63 63
1085 503987 503088 63 63
1090 504050 503151 63 63
1095 504113 503214 63 63
1100 504176 503277 63 63
1105 504239 503340 63 63
1110 504302 503403 63 63
1115 504365 503466 63 63
1120 504428 503529 63 63
1125 504491 503592 63 63
1130 504554 503655 63 63
1135 504617 503718 63 63
1140 504680 503781 63 63
1145 504743 503844 63 63
1150 504806 503907 63 63
1155 504869 503970 63 63
1160 504932 504033 63 63
1165 504995 504096 63 63
1170 505058 504159 63 63
1175 505121 504222 63 63
1180 505184 504285 63 63
1185 505247 504348 63 63
1190 505310 504411 63 63
1195 505373 504474 63 63
1200 505436 504537 63 63
1205 505499 504600 63 63
1210 505562 504663 63 63
1215 505625 504726 63 63
1220 505688 504789 63 63
1225 505751 504852 63 63
1230 505815 504916 64 64
1235 505881 504982 66 66
1240 505944 505045 63 63
1245 506007 505108 63 63
1250 506070 505171 63 63
1255 506133 505234 63 63
1260 506196 505297 63 63
1265 506259 505360 63 63
1270 506322 505423 63 63
1275 506385 505486 63 63
1280 506448 505549 63 63
1285 506511 505612 63 63
1290 506574 505675 63 63
1295 506637 505738 63 63
1300 506700 505801 63 63
1305 506763 505864 63 63
1310 510443 509544 3680 3680
1315 510507 509608 64 64
1320 510570 509671 63 63
1325 510633 509734 63 63
1330 510696 509797 63 63
1335 510762 509863 66 66
1340 510833 509934 71 71
1345 510898 509999 65 65
1350 510975 510076 77 77
1355 511052 510153 77 77
1360 511115 510216 63 63
1365 511192 510293 77 77
1370 511275 510376 83 83
1375 511344 510445 69 69
1380 511411 510512 67 67
1385 511492 510593 81 81
1390 511557 510658 65 65
1395 511626 510727 69 69
1400 511697 510798 71 71
1405 511762 510863 65 65
1410 511826 510927 64 64
1415 511889 510990 63 63
1420 511952 511053 63 63
1425 512027 511128 75 75
1430 512094 511195 67 67
1435 512159 511260 65 65
1440 512222 511323 63 63
